1.00000e-02   1.04056e-05
7.01205e-02   1.28110e-06
1.30241e-01   -1.85289e-05
1.90361e-01   -2.89387e-05
2.50482e-01   1.22288e-05
3.10602e-01   -2.11998e-04
3.70723e-01   -6.91032e-05
4.30843e-01   1.02719e-03
4.90964e-01   -3.70374e-04
5.51084e-01   1.53635e-04
6.11205e-01   4.22161e-04
6.71325e-01   1.20230e-03
7.31446e-01   1.39472e-03
7.91566e-01   1.21784e-03
8.51687e-01   5.16494e-05
9.11807e-01   -1.21092e-03
9.71928e-01   6.81151e-05
1.03205e+00   3.92879e-04
1.09217e+00   -6.94937e-04
1.15229e+00   3.17006e-04
1.21241e+00   -7.29486e-04
1.27253e+00   -7.02139e-05
1.33265e+00   2.13770e-04
1.39277e+00   3.45904e-04
1.45289e+00   6.02091e-04
1.51301e+00   -7.53884e-04
1.57313e+00   -4.29732e-04
1.63325e+00   2.91479e-04
1.69337e+00   -1.13409e-04
1.75349e+00   1.20482e-05
1.81361e+00   4.46266e-04
1.87373e+00   -1.57815e-04
1.93386e+00   5.45457e-04
1.99398e+00   3.27095e-04
2.05410e+00   -4.42032e-06
2.11422e+00   -2.54744e-04
2.17434e+00   3.33357e-04
2.23446e+00   6.10910e-05
2.29458e+00   -5.35034e-04
2.35470e+00   1.42052e-04
2.41482e+00   -1.95950e-04
2.47494e+00   -5.81908e-05
2.53506e+00   -3.26029e-04
2.59518e+00   5.40897e-05
2.65530e+00   2.82100e-04
2.71542e+00   4.32265e-05
2.77554e+00   -2.65551e-05
2.83566e+00   -9.99627e-05
2.89578e+00   3.38379e-05
2.95590e+00   2.67529e-04
3.01602e+00   -5.26481e-05
3.07614e+00   3.19078e-05
3.13627e+00   -2.28089e-05
3.19639e+00   -1.09328e-04
3.25651e+00   -2.97995e-04
3.31663e+00   6.12856e-06
3.37675e+00   1.62507e-04
3.43687e+00   1.76713e-04
3.49699e+00   2.66119e-04
3.55711e+00   -2.76026e-04
3.61723e+00   7.52927e-05
3.67735e+00   -2.35583e-04
3.73747e+00   6.32972e-05
3.79759e+00   -3.07096e-04
3.85771e+00   5.32569e-05
3.91783e+00   5.96169e-06
3.97795e+00   -1.48916e-04
4.03807e+00   1.19741e-04
4.09819e+00   -4.56635e-05
4.15831e+00   -9.72495e-05
4.21843e+00   -1.07773e-04
4.27855e+00   -7.14769e-06
4.33867e+00   7.18573e-05
4.39880e+00   -1.43388e-04
4.45892e+00   -3.11278e-04
4.51904e+00   -4.59335e-05
4.57916e+00   1.15144e-04
4.63928e+00   9.26346e-05
4.69940e+00   2.59728e-05
4.75952e+00   -1.86311e-04
4.81964e+00   -1.55059e-04
4.87976e+00   -4.59629e-05
4.93988e+00   -4.02698e-05
5.00000e+00   -2.35654e-05
5.06012e+00   4.64906e-05
5.12024e+00   1.98147e-04
5.18036e+00   -1.30961e-04
5.24048e+00   1.96380e-04
5.30060e+00   5.68761e-05
5.36072e+00   7.67304e-05
5.42084e+00   1.79191e-04
5.48096e+00   -1.06906e-04
5.54108e+00   8.61123e-05
5.60120e+00   1.15025e-04
5.66133e+00   6.83449e-05
5.72145e+00   4.46926e-05
5.78157e+00   -6.89600e-05
5.84169e+00   3.02504e-05
5.90181e+00   -1.24127e-04
5.96193e+00   -1.55524e-05
6.02205e+00   6.86343e-05
6.08217e+00   6.11612e-05
6.14229e+00   3.98519e-05
6.20241e+00   -1.55859e-04
6.26253e+00   1.67072e-04
6.32265e+00   -1.59627e-05
6.38277e+00   1.53843e-04
6.44289e+00   3.75285e-05
6.50301e+00   -1.55434e-04
6.56313e+00   4.00082e-05
6.62325e+00   -1.53080e-05
6.68337e+00   -1.53948e-04
6.74349e+00   -6.57870e-05
6.80361e+00   1.45079e-04
6.86373e+00   -6.47902e-05
6.92386e+00   -5.95349e-05
6.98398e+00   7.37485e-05
7.04410e+00   2.13782e-05
7.10422e+00   -1.88436e-04
7.16434e+00   1.69124e-04
7.22446e+00   -2.06705e-04
7.28458e+00   -8.47314e-05
7.34470e+00   -4.84752e-06
7.40482e+00   -4.33665e-05
7.46494e+00   2.81059e-05
7.52506e+00   5.38523e-05
7.58518e+00   1.31478e-06
7.64530e+00   1.23225e-04
7.70542e+00   -2.59097e-05
7.76554e+00   3.73446e-05
7.82566e+00   -9.86755e-05
7.88578e+00   5.32897e-05
7.94590e+00   7.44393e-05
8.00602e+00   -1.65563e-05
8.06614e+00   2.60436e-05
8.12627e+00   -2.24945e-05
8.18639e+00   -3.07620e-06
8.24651e+00   4.85235e-05
8.30663e+00   -1.11226e-04
8.36675e+00   -1.15962e-04
8.42687e+00   5.57897e-05
8.48699e+00   4.22184e-05
8.54711e+00   7.54259e-05
8.60723e+00   -5.95634e-05
8.66735e+00   -2.88520e-05
8.72747e+00   1.07922e-05
8.78759e+00   -2.24433e-05
8.84771e+00   -7.50160e-05
8.90783e+00   4.93766e-05
8.96795e+00   -3.51155e-05
9.02807e+00   2.40736e-06
9.08819e+00   2.98219e-05
9.14831e+00   -2.35586e-05
9.20843e+00   2.24680e-05
9.26855e+00   -9.07460e-05
9.32867e+00   1.24889e-05
9.38880e+00   -1.23143e-04
9.44892e+00   1.00323e-04
9.50904e+00   -2.64823e-05
9.56916e+00   -9.84633e-05
9.62928e+00   -2.81088e-05
9.68940e+00   1.90973e-05
9.74952e+00   -6.41627e-05
9.80964e+00   -6.78496e-06
9.86976e+00   7.39553e-05
9.92988e+00   -6.31365e-05
9.99000e+00   -1.78194e-05
1.00501e+01   4.78538e-05
1.01102e+01   6.24970e-05
1.01704e+01   1.16321e-05
1.02305e+01   -3.67199e-05
1.02906e+01   2.09348e-05
1.03507e+01   2.72157e-05
1.04108e+01   4.45364e-05
1.04710e+01   -3.61809e-05
1.05311e+01   9.14284e-06
1.05912e+01   1.97257e-05
1.06513e+01   -2.45152e-05
1.07114e+01   1.82804e-05
1.07716e+01   -1.26571e-05
1.08317e+01   4.91059e-06
1.08918e+01   1.10385e-04
1.09519e+01   -3.22994e-06
1.10120e+01   1.30271e-06
1.10722e+01   -1.39480e-05
1.11323e+01   3.33417e-05
1.11924e+01   9.59008e-06
1.12525e+01   -2.11214e-05
1.13127e+01   6.14556e-05
1.13728e+01   -2.86615e-05
1.14329e+01   -3.58957e-05
1.14930e+01   -4.86699e-05
1.15531e+01   -4.55849e-05
1.16133e+01   -2.56957e-07
1.16734e+01   -5.63305e-05
1.17335e+01   3.69855e-05
1.17936e+01   1.28296e-04
1.18537e+01   1.75112e-05
1.19139e+01   -6.52186e-05
1.19740e+01   -7.03562e-05
1.20341e+01   6.51664e-05
1.20942e+01   6.44506e-05
1.21543e+01   9.19344e-05
1.22145e+01   3.18204e-05
1.22746e+01   2.11994e-05
1.23347e+01   -2.76643e-05
1.23948e+01   6.07799e-05
1.24549e+01   -4.29709e-05
1.25151e+01   3.62034e-05
1.25752e+01   -3.13784e-05
1.26353e+01   5.95998e-05
1.26954e+01   3.84305e-05
1.27555e+01   -3.48910e-06
1.28157e+01   2.96078e-05
1.28758e+01   -5.08015e-05
1.29359e+01   -2.56481e-05
1.29960e+01   1.71655e-05
1.30561e+01   5.38220e-05
1.31163e+01   1.90243e-05
1.31764e+01   3.68418e-05
1.32365e+01   -1.83743e-05
1.32966e+01   8.65335e-06
1.33567e+01   -6.57243e-05
1.34169e+01   -4.82371e-06
1.34770e+01   -2.05442e-05
1.35371e+01   6.32016e-05
1.35972e+01   1.98165e-05
1.36573e+01   -2.49914e-05
1.37175e+01   1.21098e-05
1.37776e+01   3.33836e-05
1.38377e+01   7.70474e-06
1.38978e+01   -3.13261e-05
1.39580e+01   3.98112e-05
1.40181e+01   -2.00643e-05
1.40782e+01   8.03255e-06
1.41383e+01   2.56574e-05
1.41984e+01   7.24049e-08
1.42586e+01   -5.78921e-05
1.43187e+01   2.15303e-05
1.43788e+01   -4.59506e-05
1.44389e+01   -4.97448e-05
1.44990e+01   3.82332e-05
1.45592e+01   -8.44712e-06
1.46193e+01   4.92982e-05
1.46794e+01   -1.10452e-05
1.47395e+01   3.00386e-05
1.47996e+01   7.94287e-06
1.48598e+01   -1.39329e-05
1.49199e+01   -8.09674e-06
1.49800e+01   2.52862e-06
