1.00000e-02   0.00000e+00
7.01205e-02   4.77589e-03
1.30241e-01   6.66205e-04
1.90361e-01   0.00000e+00
2.50482e-01   0.00000e+00
3.10602e-01   9.82857e-03
3.70723e-01   3.89167e-02
4.30843e-01   7.34349e-02
4.90964e-01   1.05827e-01
5.51084e-01   1.29463e-01
6.11205e-01   1.43559e-01
6.71325e-01   1.49607e-01
7.31446e-01   1.49102e-01
7.91566e-01   1.43543e-01
8.51687e-01   1.34425e-01
9.11807e-01   1.23247e-01
9.71928e-01   1.11504e-01
1.03205e+00   1.00524e-01
1.09217e+00   9.06197e-02
1.15229e+00   8.17238e-02
1.21241e+00   7.37695e-02
1.27253e+00   6.66900e-02
1.33265e+00   6.04183e-02
1.39277e+00   5.48876e-02
1.45289e+00   5.00309e-02
1.51301e+00   4.57813e-02
1.57313e+00   4.20718e-02
1.63325e+00   3.88355e-02
1.69337e+00   3.60055e-02
1.75349e+00   3.35149e-02
1.81361e+00   3.12967e-02
1.87373e+00   2.92840e-02
1.93386e+00   2.74118e-02
1.99398e+00   2.56479e-02
2.05410e+00   2.39881e-02
2.11422e+00   2.24288e-02
2.17434e+00   2.09667e-02
2.23446e+00   1.95984e-02
2.29458e+00   1.83204e-02
2.35470e+00   1.71294e-02
2.41482e+00   1.60219e-02
2.47494e+00   1.49945e-02
2.53506e+00   1.40438e-02
2.59518e+00   1.31664e-02
2.65530e+00   1.23589e-02
2.71542e+00   1.16178e-02
2.77554e+00   1.09397e-02
2.83566e+00   1.03213e-02
2.89578e+00   9.75908e-03
2.95590e+00   9.24965e-03
3.01602e+00   8.78961e-03
3.07614e+00   8.37553e-03
3.13627e+00   8.00400e-03
3.19639e+00   7.67161e-03
3.25651e+00   7.37494e-03
3.31663e+00   7.11058e-03
3.37675e+00   6.87512e-03
3.43687e+00   6.66513e-03
3.49699e+00   6.47721e-03
3.55711e+00   6.30793e-03
3.61723e+00   6.15389e-03
3.67735e+00   6.01168e-03
3.73747e+00   5.87787e-03
3.79759e+00   5.74906e-03
3.85771e+00   5.62303e-03
3.91783e+00   5.49953e-03
3.97795e+00   5.37853e-03
4.03807e+00   5.26000e-03
4.09819e+00   5.14392e-03
4.15831e+00   5.03024e-03
4.21843e+00   4.91894e-03
4.27855e+00   4.80998e-03
4.33867e+00   4.70333e-03
4.39880e+00   4.59897e-03
4.45892e+00   4.49685e-03
4.51904e+00   4.39695e-03
4.57916e+00   4.29924e-03
4.63928e+00   4.20368e-03
4.69940e+00   4.11024e-03
4.75952e+00   4.01889e-03
4.81964e+00   3.92960e-03
4.87976e+00   3.84233e-03
4.93988e+00   3.75705e-03
5.00000e+00   3.67374e-03
5.06012e+00   3.59236e-03
5.12024e+00   3.51287e-03
5.18036e+00   3.43526e-03
5.24048e+00   3.35947e-03
5.30060e+00   3.28549e-03
5.36072e+00   3.21328e-03
5.42084e+00   3.14281e-03
5.48096e+00   3.07404e-03
5.54108e+00   3.00695e-03
5.60120e+00   2.94151e-03
5.66133e+00   2.87767e-03
5.72145e+00   2.81541e-03
5.78157e+00   2.75471e-03
5.84169e+00   2.69551e-03
5.90181e+00   2.63780e-03
5.96193e+00   2.58155e-03
6.02205e+00   2.52671e-03
6.08217e+00   2.47326e-03
6.14229e+00   2.42116e-03
6.20241e+00   2.37040e-03
6.26253e+00   2.32092e-03
6.32265e+00   2.27270e-03
6.38277e+00   2.22572e-03
6.44289e+00   2.17993e-03
6.50301e+00   2.13530e-03
6.56313e+00   2.09181e-03
6.62325e+00   2.04942e-03
6.68337e+00   2.00810e-03
6.74349e+00   1.96782e-03
6.80361e+00   1.92854e-03
6.86373e+00   1.89023e-03
6.92386e+00   1.85287e-03
6.98398e+00   1.81642e-03
7.04410e+00   1.78085e-03
7.10422e+00   1.74612e-03
7.16434e+00   1.71221e-03
7.22446e+00   1.67908e-03
7.28458e+00   1.64670e-03
7.34470e+00   1.61504e-03
7.40482e+00   1.58406e-03
7.46494e+00   1.55374e-03
7.52506e+00   1.52405e-03
7.58518e+00   1.49496e-03
7.64530e+00   1.46646e-03
7.70542e+00   1.43855e-03
7.76554e+00   1.41121e-03
7.82566e+00   1.38445e-03
7.88578e+00   1.35825e-03
7.94590e+00   1.33261e-03
8.00602e+00   1.30752e-03
8.06614e+00   1.28297e-03
8.12627e+00   1.25895e-03
8.18639e+00   1.23546e-03
8.24651e+00   1.21248e-03
8.30663e+00   1.19002e-03
8.36675e+00   1.16806e-03
8.42687e+00   1.14660e-03
8.48699e+00   1.12563e-03
8.54711e+00   1.10514e-03
8.60723e+00   1.08512e-03
8.66735e+00   1.06557e-03
8.72747e+00   1.04647e-03
8.78759e+00   1.02783e-03
8.84771e+00   1.00963e-03
8.90783e+00   9.91868e-04
8.96795e+00   9.74533e-04
9.02807e+00   9.57619e-04
9.08819e+00   9.41118e-04
9.14831e+00   9.25024e-04
9.20843e+00   9.09327e-04
9.26855e+00   8.94021e-04
9.32867e+00   8.79099e-04
9.38880e+00   8.64552e-04
9.44892e+00   8.50374e-04
9.50904e+00   8.36556e-04
9.56916e+00   8.23091e-04
9.62928e+00   8.09972e-04
9.68940e+00   7.97191e-04
9.74952e+00   7.84741e-04
9.80964e+00   7.72614e-04
9.86976e+00   7.60802e-04
9.92988e+00   7.49298e-04
9.99000e+00   7.38095e-04
1.00501e+01   7.27185e-04
1.01102e+01   7.16560e-04
1.01704e+01   7.06213e-04
1.02305e+01   6.96136e-04
1.02906e+01   6.86323e-04
1.03507e+01   6.76764e-04
1.04108e+01   6.67454e-04
1.04710e+01   6.58384e-04
1.05311e+01   6.49546e-04
1.05912e+01   6.40934e-04
1.06513e+01   6.32539e-04
1.07114e+01   6.24355e-04
1.07716e+01   6.16373e-04
1.08317e+01   6.08586e-04
1.08918e+01   6.00987e-04
1.09519e+01   5.93568e-04
1.10120e+01   5.86322e-04
1.10722e+01   5.79240e-04
1.11323e+01   5.72316e-04
1.11924e+01   5.65542e-04
1.12525e+01   5.58911e-04
1.13127e+01   5.52414e-04
1.13728e+01   5.46045e-04
1.14329e+01   5.39796e-04
1.14930e+01   5.33659e-04
1.15531e+01   5.27626e-04
1.16133e+01   5.21691e-04
1.16734e+01   5.15846e-04
1.17335e+01   5.10083e-04
1.17936e+01   5.04395e-04
1.18537e+01   4.98774e-04
1.19139e+01   4.93213e-04
1.19740e+01   4.87704e-04
1.20341e+01   4.82239e-04
1.20942e+01   4.76811e-04
1.21543e+01   4.71413e-04
1.22145e+01   4.66037e-04
1.22746e+01   4.60676e-04
1.23347e+01   4.55321e-04
1.23948e+01   4.49966e-04
1.24549e+01   4.44603e-04
1.25151e+01   4.39224e-04
1.25752e+01   4.33823e-04
1.26353e+01   4.28390e-04
1.26954e+01   4.22919e-04
1.27555e+01   4.17403e-04
1.28157e+01   4.11833e-04
1.28758e+01   4.06203e-04
1.29359e+01   4.00504e-04
1.29960e+01   3.94730e-04
1.30561e+01   3.88872e-04
1.31163e+01   3.82923e-04
1.31764e+01   3.76876e-04
1.32365e+01   3.70723e-04
1.32966e+01   3.64457e-04
1.33567e+01   3.58070e-04
1.34169e+01   3.51554e-04
1.34770e+01   3.44902e-04
1.35371e+01   3.38107e-04
1.35972e+01   3.31160e-04
1.36573e+01   3.24055e-04
1.37175e+01   3.16784e-04
1.37776e+01   3.09339e-04
1.38377e+01   3.01713e-04
1.38978e+01   2.93899e-04
1.39580e+01   2.85888e-04
1.40181e+01   2.77673e-04
1.40782e+01   2.69247e-04
1.41383e+01   2.60602e-04
1.41984e+01   2.51731e-04
1.42586e+01   2.42626e-04
1.43187e+01   2.33280e-04
1.43788e+01   2.23685e-04
1.44389e+01   2.13833e-04
1.44990e+01   2.03718e-04
1.45592e+01   1.93331e-04
1.46193e+01   1.82665e-04
1.46794e+01   1.71712e-04
1.47395e+01   1.60466e-04
1.47996e+01   1.48917e-04
1.48598e+01   1.37060e-04
1.49199e+01   1.24886e-04
1.49800e+01   1.12388e-04
