1.00000e-02   5.24302e-06
7.01205e-02   -2.73688e-06
1.30241e-01   -7.06773e-06
1.90361e-01   1.69709e-05
2.50482e-01   2.64933e-04
3.10602e-01   -6.73082e-05
3.70723e-01   -1.21436e-03
4.30843e-01   -1.32584e-03
4.90964e-01   -4.14278e-04
5.51084e-01   -1.67814e-03
6.11205e-01   -2.94713e-03
6.71325e-01   -4.64202e-03
7.31446e-01   -5.39575e-03
7.91566e-01   -4.40373e-03
8.51687e-01   -3.58596e-03
9.11807e-01   -4.31507e-03
9.71928e-01   -4.21847e-03
1.03205e+00   -3.27513e-03
1.09217e+00   -3.71375e-03
1.15229e+00   -2.76981e-03
1.21241e+00   -1.44685e-03
1.27253e+00   -3.38319e-03
1.33265e+00   -1.89175e-03
1.39277e+00   -2.33244e-03
1.45289e+00   -1.62480e-03
1.51301e+00   -8.57697e-04
1.57313e+00   -1.49963e-03
1.63325e+00   -1.01994e-03
1.69337e+00   -9.91599e-04
1.75349e+00   -9.31540e-04
1.81361e+00   -2.64602e-04
1.87373e+00   -8.78621e-04
1.93386e+00   -3.67542e-05
1.99398e+00   -5.40934e-04
2.05410e+00   -8.75328e-04
2.11422e+00   -8.73896e-04
2.17434e+00   -1.40769e-04
2.23446e+00   -5.63217e-04
2.29458e+00   -2.45359e-04
2.35470e+00   -4.85854e-04
2.41482e+00   -1.05545e-04
2.47494e+00   -1.59083e-04
2.53506e+00   -3.77025e-04
2.59518e+00   -3.33015e-04
2.65530e+00   -4.46273e-04
2.71542e+00   -2.87394e-04
2.77554e+00   -4.67716e-04
2.83566e+00   1.98592e-04
2.89578e+00   -4.09234e-04
2.95590e+00   -1.09604e-04
3.01602e+00   -1.72816e-04
3.07614e+00   -2.54094e-04
3.13627e+00   1.71072e-04
3.19639e+00   -2.31156e-05
3.25651e+00   -2.59199e-04
3.31663e+00   3.92256e-05
3.37675e+00   7.30238e-05
3.43687e+00   -2.55980e-04
3.49699e+00   9.92673e-05
3.55711e+00   -1.17768e-04
3.61723e+00   -1.82762e-05
3.67735e+00   -6.06429e-05
3.73747e+00   1.12591e-04
3.79759e+00   -9.03133e-05
3.85771e+00   3.25277e-04
3.91783e+00   6.06172e-05
3.97795e+00   -3.44300e-04
4.03807e+00   -9.49312e-05
4.09819e+00   3.36086e-04
4.15831e+00   -3.36721e-06
4.21843e+00   2.48423e-05
4.27855e+00   1.27303e-04
4.33867e+00   2.29973e-04
4.39880e+00   1.65377e-05
4.45892e+00   -1.61180e-04
4.51904e+00   2.45121e-04
4.57916e+00   3.50433e-05
4.63928e+00   6.45733e-05
4.69940e+00   1.29791e-04
4.75952e+00   7.91394e-05
4.81964e+00   1.00321e-04
4.87976e+00   9.85843e-05
4.93988e+00   -8.36303e-05
5.00000e+00   1.26842e-04
5.06012e+00   -1.58656e-04
5.12024e+00   1.84801e-04
5.18036e+00   7.51027e-05
5.24048e+00   1.51766e-05
5.30060e+00   2.83521e-04
5.36072e+00   8.23488e-05
5.42084e+00   -1.46481e-04
5.48096e+00   -1.04562e-04
5.54108e+00   1.97863e-04
5.60120e+00   -1.60952e-04
5.66133e+00   9.15337e-05
5.72145e+00   4.56105e-05
5.78157e+00   8.28307e-05
5.84169e+00   1.79603e-04
5.90181e+00   1.61955e-04
5.96193e+00   6.45337e-05
6.02205e+00   -2.15535e-04
6.08217e+00   1.35062e-04
6.14229e+00   8.44574e-05
6.20241e+00   7.48953e-05
6.26253e+00   -1.06101e-04
6.32265e+00   5.26768e-05
6.38277e+00   1.71495e-04
6.44289e+00   -2.60646e-05
6.50301e+00   6.81781e-05
6.56313e+00   -1.02169e-04
6.62325e+00   -8.43949e-06
6.68337e+00   9.28298e-05
6.74349e+00   -1.09094e-04
6.80361e+00   7.03724e-05
6.86373e+00   5.99268e-05
6.92386e+00   2.75228e-05
6.98398e+00   1.63310e-04
7.04410e+00   -8.37195e-05
7.10422e+00   -4.59836e-05
7.16434e+00   -3.20076e-05
7.22446e+00   1.39880e-04
7.28458e+00   5.36813e-05
7.34470e+00   1.77921e-05
7.40482e+00   -3.05687e-05
7.46494e+00   -1.43027e-04
7.52506e+00   7.54907e-05
7.58518e+00   -1.12855e-04
7.64530e+00   6.10671e-05
7.70542e+00   8.21607e-05
7.76554e+00   -5.04110e-05
7.82566e+00   1.48368e-04
7.88578e+00   -8.52059e-05
7.94590e+00   1.04805e-04
8.00602e+00   -4.85306e-05
8.06614e+00   9.26175e-05
8.12627e+00   8.39992e-05
8.18639e+00   -7.94008e-05
8.24651e+00   6.04189e-05
8.30663e+00   -1.03374e-05
8.36675e+00   2.05054e-05
8.42687e+00   -6.08324e-05
8.48699e+00   -3.28128e-05
8.54711e+00   4.95651e-05
8.60723e+00   2.49603e-05
8.66735e+00   1.01238e-04
8.72747e+00   -1.85498e-05
8.78759e+00   -3.00979e-05
8.84771e+00   -3.63890e-05
8.90783e+00   6.80708e-05
8.96795e+00   3.38987e-05
9.02807e+00   1.50928e-05
9.08819e+00   -6.07710e-05
9.14831e+00   -4.17788e-05
9.20843e+00   6.20059e-06
9.26855e+00   8.06860e-05
9.32867e+00   -1.19605e-04
9.38880e+00   4.44135e-05
9.44892e+00   1.29008e-04
9.50904e+00   5.60180e-05
9.56916e+00   -6.12938e-05
9.62928e+00   2.92386e-05
9.68940e+00   4.95687e-05
9.74952e+00   -1.05891e-04
9.80964e+00   -6.06134e-05
9.86976e+00   -2.59153e-05
9.92988e+00   1.13467e-05
9.99000e+00   4.02134e-05
1.00501e+01   -1.09645e-05
1.01102e+01   -8.38830e-06
1.01704e+01   -8.05214e-05
1.02305e+01   2.96882e-05
1.02906e+01   4.34260e-05
1.03507e+01   -4.03700e-05
1.04108e+01   6.60286e-05
1.04710e+01   -1.16107e-04
1.05311e+01   -1.53149e-05
1.05912e+01   1.95982e-05
1.06513e+01   -7.59203e-06
1.07114e+01   -3.43892e-05
1.07716e+01   1.92732e-05
1.08317e+01   1.13280e-04
1.08918e+01   -3.50411e-06
1.09519e+01   1.86272e-05
1.10120e+01   9.23791e-05
1.10722e+01   -4.54880e-05
1.11323e+01   4.88926e-05
1.11924e+01   1.97655e-05
1.12525e+01   3.53296e-05
1.13127e+01   -5.41306e-05
1.13728e+01   8.80122e-06
1.14329e+01   1.67290e-05
1.14930e+01   4.28623e-05
1.15531e+01   -3.39704e-05
1.16133e+01   1.66952e-05
1.16734e+01   -5.36281e-05
1.17335e+01   -3.86530e-08
1.17936e+01   6.57246e-05
1.18537e+01   5.36491e-05
1.19139e+01   3.56714e-05
1.19740e+01   2.43004e-05
1.20341e+01   -2.16694e-07
1.20942e+01   -2.62455e-06
1.21543e+01   2.68896e-05
1.22145e+01   4.16423e-05
1.22746e+01   1.41683e-05
1.23347e+01   -4.78469e-05
1.23948e+01   -4.73222e-05
1.24549e+01   -4.67059e-05
1.25151e+01   -1.46404e-05
1.25752e+01   6.17459e-05
1.26353e+01   5.72048e-08
1.26954e+01   -3.06028e-06
1.27555e+01   2.00568e-05
1.28157e+01   -1.02303e-04
1.28758e+01   -2.91344e-05
1.29359e+01   4.28912e-06
1.29960e+01   5.83174e-06
1.30561e+01   -1.52384e-05
1.31163e+01   -4.91104e-05
1.31764e+01   -2.93892e-05
1.32365e+01   1.96255e-05
1.32966e+01   2.98717e-05
1.33567e+01   5.33531e-05
1.34169e+01   3.50764e-05
1.34770e+01   6.99078e-05
1.35371e+01   -4.37959e-05
1.35972e+01   3.26460e-05
1.36573e+01   4.13097e-05
1.37175e+01   -6.82722e-05
1.37776e+01   1.74409e-05
1.38377e+01   2.89254e-05
1.38978e+01   -1.72117e-05
1.39580e+01   -2.27323e-06
1.40181e+01   2.78993e-05
1.40782e+01   5.55666e-06
1.41383e+01   2.34845e-05
1.41984e+01   -3.34144e-05
1.42586e+01   8.01935e-05
1.43187e+01   7.71854e-06
1.43788e+01   -5.27302e-05
1.44389e+01   6.44826e-05
1.44990e+01   -2.24310e-05
1.45592e+01   2.96377e-05
1.46193e+01   3.25030e-05
1.46794e+01   1.13140e-05
1.47395e+01   -1.22362e-05
1.47996e+01   1.67875e-06
1.48598e+01   2.17699e-05
1.49199e+01   -5.68152e-05
1.49800e+01   -5.64978e-05
